<?xml version="1.0"?>
<opencv_storage>
<D1 type_id="opencv-matrix">
  <rows>1</rows>
  <cols>5</cols>
  <dt>d</dt>
  <data>
    4.5243120062275960e-01 -3.2532977251191868e+00 0. 0.
    7.0361598445896156e+00</data></D1>
</opencv_storage>
