<?xml version="1.0"?>
<opencv_storage>
<D2 type_id="opencv-matrix">
  <rows>1</rows>
  <cols>5</cols>
  <dt>d</dt>
  <data>
    6.8317488957333486e-02 -5.0747230490506801e-01 0. 0.
    2.0884347645528373e-01</data></D2>
</opencv_storage>
