<?xml version="1.0"?>
<opencv_storage>
<M1 type_id="opencv-matrix">
  <rows>3</rows>
  <cols>3</cols>
  <dt>d</dt>
  <data>
    1.1787783240744945e+03 0. 4.2020163018895738e+02 0.
    1.1787783240744945e+03 4.6876315774424887e+02 0. 0. 1.</data></M1>
</opencv_storage>
