<?xml version="1.0"?>
<opencv_storage>
<M2 type_id="opencv-matrix">
  <rows>3</rows>
  <cols>3</cols>
  <dt>d</dt>
  <data>
    1.1787783240744945e+03 0. 4.2352038725043542e+02 0.
    1.1787783240744945e+03 4.8123644607367470e+02 0. 0. 1.</data></M2>
</opencv_storage>
