<?xml version="1.0"?>
<opencv_storage>
<P1 type_id="opencv-matrix">
  <rows>3</rows>
  <cols>4</cols>
  <dt>d</dt>
  <data>
    1.1787783240744945e+03 0. 5.2866802597045898e+02 0. 0.
    1.1787783240744945e+03 3.6228843994140625e+03 0. 0. 0. 1. 0.</data></P1>
</opencv_storage>
