<?xml version="1.0"?>
<opencv_storage>
<P2 type_id="opencv-matrix">
  <rows>3</rows>
  <cols>4</cols>
  <dt>d</dt>
  <data>
    1.1787783240744945e+03 0. 5.2866802597045898e+02 0. 0.
    1.1787783240744945e+03 2.7511817855834961e+03 1.1157271483123943e+04
    0. 0. 1. 0.</data></P2>
</opencv_storage>
