<?xml version="1.0"?>
<opencv_storage>
<Q type_id="opencv-matrix">
  <rows>4</rows>
  <cols>4</cols>
  <dt>d</dt>
  <data>
    1. 0. 0. -5.2866802597045898e+02 0. 1. 0. -3.6228843994140625e+03 0.
    0. 0. 1.1787783240744945e+03 0. 0. -1.0565112858080662e-01
    9.2096364938038391e+01</data></Q>
</opencv_storage>
