<?xml version="1.0"?>
<opencv_storage>
<R1 type_id="opencv-matrix">
  <rows>3</rows>
  <cols>3</cols>
  <dt>d</dt>
  <data>
    9.9883300995675817e-01 3.4573779678479452e-02
    -3.3723463337362369e-02 -4.7264307239909847e-02
    5.5609503583901598e-01 -8.2977370190693256e-01
    -9.9349625995203000e-03 8.3039928039103428e-01
    5.5708018421426431e-01</data></R1>
</opencv_storage>
