<?xml version="1.0"?>
<opencv_storage>
<R2 type_id="opencv-matrix">
  <rows>3</rows>
  <cols>3</cols>
  <dt>d</dt>
  <data>
    9.9941257025449770e-01 3.4243081170593395e-02
    -1.3877352926912889e-03 -2.2639106327000669e-02
    6.2925767873816885e-01 -7.7686694138299262e-01
    -2.5729074643546485e-02 7.7644200372017191e-01
    6.2966326681567775e-01</data></R2>
</opencv_storage>
